011111111111111111111111111111111111111111111111110
100000000000000000000000000000000000000000000000001
100000000000000000000000000000000000000000000000001
100000000000000000000000000000000000000000000000001
100000000000000000000000000000000000000000000000001
100000000000000000000000000000000000000000000000001
100000000000000000000000000000000000000000000000001
100000000000000000000000000000000000000000000000001
100000000000000000000000000000000000000000000000001
100000000000000000000000000000000000000000000000001
100000000000000000000000000000000000000000000000001
100000000000000000000000000000000000000000000000001
100000000000000000000000000000000000000000000000001
100000000000000000000000000000000000000000000000001
100000000000000000000000000000000000000000000000001
100000000000000000000000000000000000000000000000001
100000000000000000000000000000000000000000000000001
100000000000000000000000000000000000000000000000001
100000000000000000000000000000000000000000000000001
100000000000000000000000000000000000000000000000001
100000000000000000000000000000000000000000000000001
100000000000000000000000000000000000000000000000001
100000000000000000000000000000000000000000000000001
100000000000000000000000000000000000000000000000001
100000000000000000000000000000000000000000000000001
100000000000000000000000000000000000000000000000001
100000000000000000000000000000000000000000000000001
100000000000000000000000000000000000000000000000001
100000000000000000000000000000000000000000000000001
100000000000000000000000000000000000000000000000001
100000000000000000000000000000000000000000000000001
100000000000000000000000000000000000000000000000001
100000000000000000000000000000000000000000000000001
100000000000000000000000000000000000000000000000001
100000000000000000000000000000000000000000000000001
100000000000000000000000000000000000000000000000001
100000000000000000000000000000000000000000000000001
100000000000000000000000000000000000000000000000001
100000000000000000000000000000000000000000000000001
100000000000000000000000000000000000000000000000001
100000000000000000000000000000000000000000000000001
100000000000000000000000000000000000000000000000001
100000000000000000000000000000000000000000000000001
100000000000000000000000000000000000000000000000001
100000000000000000000000000000000000000000000000001
100000000000000000000000000000000000000000000000001
100000000000000000000000000000000000000000000000001
100000000000000000000000000000000000000000000000001
100000000000000000000000000000000000000000000000001
100000000000000000000000000000000000000000000000001
011111111111111111111111111111111111111111111111110
